6
0  10  12  18  22  25
10  0  15  17  19  21
12 15   0  16  20  23
18 17  16   0  14  12
22 19  20  14   0  11
25 21  23  12  11   0